00000000000000010001000000100000 32
00000000011001000010100000100010 32
00000000110001110100000000100100 32
00000001001010100101100000100101 32
00000000000011000111011111000000 32
00000000000100001001011111000010 32
00000001000000000000000000001000 32
00100010110110001000000000000000 32
10001111001110110111111111111111 32
10101111100111101000000000000000 32
00010001111111111111111111111110 32
00010101010010010000000000000001 32
00001000000000000000000000000011 32
00001100000000000000000000001001 32
